aika	acc_x	acc_y	acc_z	gyro_x gyro_y gyro_z
0.00	100.00 -0.04 0.00	-1.00	-0.47	0.18	
1.00	0.01	-0.00	-1.00	0.25	0.07	-0.13	
2.00	0.01	0.02	-1.00	0.08	-0.26	-2.07	
3.00	0.00	0.03	-1.00	0.18	0.04	-1.38	
4.00	-0.01	0.02	-0.99	0.27	-1.20	-0.81	
5.00	0.01	-0.01	-0.99	-0.33	-0.16	-0.04	
6.00	-0.01	0.03	-0.99	-0.22	0.19	-0.04	
7.00	-0.01	0.01	-0.99	0.07	-0.75	0.13	
8.00	-0.01	0.03	-1.01	-0.43	0.14	0.15	
9.00	-0.03	0.03	-0.99	-0.21	-0.24	-0.25	
10.00	0.02	-0.01	-0.99	-0.37	0.03	-0.30	
11.00	-0.00	-0.02	-0.98	0.08	-0.43	-0.53	
12.00	-0.01	0.00	-0.98	0.33	-0.21	-0.47	
13.00	-0.02	-0.01	-1.00	0.15	-0.06	-0.05	
14.00	-0.03	-0.02	-1.00	-0.28	-0.16	-0.05	
15.00	-0.00	0.00	-0.98	0.10	-0.39	0.53	
16.00	0.01	0.02	-1.00	0.01	-0.14	0.21	
17.00	-0.02	-0.00	-1.00	-0.34	-0.27	-0.31	
18.00	-0.01	-0.06	-1.01	0.60	-0.39	-7.39	
19.00	0.01	-0.01	-1.00	-0.11	-0.26	-8.05	
20.00	-0.01	0.01	-0.98	-0.37	-1.12	-4.39	
21.00	0.01	-0.05	-1.00	-0.69	0.09	-0.40	
22.00	0.01	-0.00	-1.01	0.09	-0.12	0.02	
23.00	0.00	0.02	-0.99	0.02	-0.08	-0.72	
24.00	-0.01	-0.03	-0.98	-0.38	0.60	-0.91	
25.00	0.01	-0.03	-1.01	-0.27	-0.04	-0.29	
26.00	-0.02	0.04	-0.99	-0.05	-0.52	0.03	
27.00	-0.00	0.00	-0.99	-0.70	-0.17	-0.67	
28.00	0.01	-0.17	-0.99	0.18	-0.57	5.16	
29.00	0.08	2.41	-1.03	0.34	0.18	132.87	
30.00	0.59	-1.90	-1.04	10.67	-2.84	-161.28	
31.00	-0.13	-0.88	-1.03	-0.03	-2.46	-103.06	
32.00	0.09	-0.03	-0.98	0.21	-0.14	29.52	
33.00	-0.01	-0.00	-0.99	-0.12	-0.56	0.08	
34.00	0.01	-0.03	-0.99	0.31	0.18	-1.45	
35.00	0.01	-0.01	-0.98	0.32	-0.55	-0.44	
36.00	0.00	-0.00	-0.98	-0.14	0.36	-0.29	
37.00	-0.01	-0.06	-0.99	0.25	-0.71	-0.21	
38.00	0.01	-0.01	-1.00	0.12	-0.14	-0.63	
39.00	-0.00	-0.00	-0.99	0.32	-0.15	-0.30	
40.00	0.01	-0.01	-0.99	-0.02	-0.40	0.09	
41.00	-0.01	-0.00	-1.01	-0.20	0.11	0.09	
42.00	0.01	0.04	-0.98	-0.64	-0.41	0.04	
43.00	-0.03	-0.00	-0.99	0.12	-0.21	-0.21	
44.00	0.02	-0.02	-0.99	-0.24	-0.07	-0.53	
45.00	-0.04	-0.02	-0.99	0.34	-0.50	-0.14	
46.00	0.00	-0.01	-1.00	-0.03	-0.04	0.23	
47.00	-0.01	-0.01	-0.98	-0.18	-0.40	-0.08	
48.00	0.02	0.04	-1.01	-0.29	-0.27	-0.48	
49.00	0.01	0.02	-1.00	-0.26	-0.12	0.14	
50.00	0.01	-0.02	-0.99	-0.05	-0.37	-0.50	
51.00	-0.01	0.01	-0.99	-0.02	0.11	-0.39	
52.00	0.03	-0.01	-0.99	0.24	0.55	-0.44	
53.00	0.00	0.01	-1.01	0.22	-0.54	0.02	
54.00	-0.01	0.02	-0.99	-0.09	0.03	-0.78	
55.00	0.00	-0.04	-1.00	-0.25	0.27	-0.30	
56.00	0.00	-0.02	-1.02	-0.08	-0.69	-0.79	
57.00	-0.03	-0.00	-1.01	-0.05	0.02	-0.07	
58.00	0.00	-0.01	-1.00	-0.13	-0.44	0.68	
59.00	-0.03	0.03	-0.98	0.21	-0.12	-0.25	
60.00	-0.00	-0.00	-1.00	0.25	0.14	-1.34	
61.00	-0.01	0.02	-1.00	0.02	0.49	-0.18	
62.00	-0.00	0.02	-1.01	0.19	0.09	-0.09	
63.00	0.02	0.01	-0.99	0.11	0.08	-0.23	
64.00	-0.02	-0.04	-0.99	-0.28	-0.40	-0.43	
65.00	-0.00	-0.00	-1.01	0.14	-0.20	-0.40	
66.00	-0.02	-0.06	-1.00	-0.55	-0.56	0.37	
67.00	-0.19	-2.91	-0.95	-0.89	1.56	-30.11	
68.00	2.13	1.40	-1.04	-5.36	5.14	249.99	
69.00	0.50	2.33	-1.01	1.22	1.34	33.33	
70.00	0.01	-0.04	-0.99	-0.14	0.25	-3.44	
71.00	0.01	-0.03	-1.01	0.33	-0.44	-0.66	
72.00	0.00	0.03	-0.99	0.08	-0.57	-0.05	
73.00	-0.00	0.02	-0.98	0.19	0.14	0.26	
74.00	-0.04	0.02	-0.99	0.18	0.31	-0.29	
75.00	-0.01	-0.02	-0.99	0.40	0.25	0.16	
76.00	-0.02	0.00	-1.01	-0.05	0.31	0.20	
77.00	-0.00	0.06	-0.99	-0.34	-0.02	-1.30	
78.00	0.02	0.01	-1.00	0.12	-0.23	-0.50	
79.00	-0.01	0.01	-1.00	-0.38	0.06	-0.51	
80.00	0.01	0.02	-0.99	-0.16	-0.60	0.55	
81.00	-0.03	0.02	-0.98	0.20	0.20	-1.02	
82.00	-0.01	0.01	-0.97	0.10	-0.48	-0.27	
83.00	0.01	-0.00	-0.99	0.31	-0.34	0.24	
84.00	-0.02	-0.00	-1.00	0.02	-0.19	0.01	
85.00	-0.02	0.04	-0.99	-0.27	-0.11	-0.12	
86.00	0.01	0.03	-1.01	0.32	0.02	-0.59	
87.00	0.01	-0.04	-0.99	0.01	-0.34	0.24	
88.00	-0.01	-0.01	-0.99	0.61	-0.61	-0.10	
89.00	-0.02	-0.02	-1.01	-0.50	-0.58	8.12	
90.00	-0.02	-0.00	-1.00	-0.64	0.05	-6.69	
91.00	-0.01	0.02	-1.00	-0.66	-0.89	-7.44	
92.00	0.00	0.02	-0.99	0.15	0.11	-1.08	
93.00	-0.00	0.00	-1.00	-0.07	0.60	-7.41	
94.00	-0.01	0.02	-0.99	-0.17	-0.19	-3.43	
95.00	-0.01	0.04	-1.00	-0.57	-19.10 -24.44	
96.00	-0.02	0.00	-1.00	-0.60	-5.29	-7.85	
97.00	-0.05	-0.00	-0.98	-0.47	1.02	-2.78	
98.00	-0.01	0.03	-1.00	-0.43	-2.20	-4.02	
99.00	-0.01	0.01	-1.00	-0.38	-1.28	-10.40